1  0.1288888888888889
2  0.07333333333333333
3  0.056296296296296296
4  0.042222222222222223
5  0.0362962962962963
6  0.025185185185185185
7  0.02962962962962963
8  0.01925925925925926
9  0.011851851851851851
10  0.02148148148148148
11  0.017037037037037038
12  0.014814814814814815
13  0.017037037037037038
14  0.012592592592592593
15  0.017037037037037038
16  0.014074074074074074
17  0.02074074074074074
18  0.011111111111111112
19  0.011851851851851851
20  0.013333333333333334
21  0.011851851851851851
22  0.01037037037037037
23  0.008148148148148147
24  0.008148148148148147
25  0.00962962962962963
26  0.006666666666666667
27  0.008148148148148147
28  0.005185185185185185
29  0.00962962962962963
30  0.006666666666666667
31  0.005925925925925926
32  0.005925925925925926
33  0.00962962962962963
34  0.006666666666666667
35  0.005925925925925926
36  0.0044444444444444444
37  0.003703703703703704
38  0.0044444444444444444
39  0.00962962962962963
40  0.006666666666666667
41  0.006666666666666667
42  0.005925925925925926
43  0.0044444444444444444
44  0.003703703703703704
45  0.003703703703703704
46  0.0044444444444444444
47  0.0044444444444444444
48  0.002962962962962963
49  0.0014814814814814814
50  0.002962962962962963
51  0.0007407407407407407
52  0.0022222222222222222
53  0.005185185185185185
54  0.0014814814814814814
55  0.0007407407407407407
56  0.0014814814814814814
57  0.0014814814814814814
58  0.002962962962962963
59  0.0014814814814814814
60  0.006666666666666667
61  0.0014814814814814814
62  0.0022222222222222222
63  0.0014814814814814814
64  0.0014814814814814814
65  0.0022222222222222222
66  0.002962962962962963
67  0.0022222222222222222
68  0.0014814814814814814
69  0.0007407407407407407
70  0.0022222222222222222
71  0.003703703703703704
72  0.0022222222222222222
73  0.0014814814814814814
74  0.0007407407407407407
75  0.0007407407407407407
77  0.002962962962962963
78  0.005185185185185185
79  0.0022222222222222222
80  0.003703703703703704
81  0.0014814814814814814
82  0.0014814814814814814
83  0.0014814814814814814
84  0.003703703703703704
85  0.0014814814814814814
86  0.0014814814814814814
88  0.002962962962962963
89  0.0014814814814814814
90  0.0007407407407407407
91  0.0022222222222222222
92  0.0014814814814814814
93  0.0007407407407407407
94  0.002962962962962963
95  0.0022222222222222222
96  0.002962962962962963
97  0.0014814814814814814
98  0.0014814814814814814
100  0.0022222222222222222
101  0.0022222222222222222
102  0.0014814814814814814
103  0.0014814814814814814
105  0.0007407407407407407
106  0.0014814814814814814
107  0.002962962962962963
108  0.0007407407407407407
109  0.0007407407407407407
110  0.0014814814814814814
112  0.0007407407407407407
113  0.0007407407407407407
114  0.0022222222222222222
115  0.0007407407407407407
116  0.0014814814814814814
118  0.0022222222222222222
119  0.0014814814814814814
120  0.0014814814814814814
122  0.0014814814814814814
125  0.0007407407407407407
126  0.0014814814814814814
127  0.0007407407407407407
128  0.0014814814814814814
129  0.0014814814814814814
130  0.0007407407407407407
137  0.0007407407407407407
138  0.0014814814814814814
139  0.0014814814814814814
140  0.0022222222222222222
141  0.0007407407407407407
142  0.0007407407407407407
143  0.0022222222222222222
145  0.0007407407407407407
149  0.0014814814814814814
153  0.0014814814814814814
154  0.0022222222222222222
156  0.0007407407407407407
157  0.0014814814814814814
158  0.0007407407407407407
160  0.0007407407407407407
161  0.0007407407407407407
162  0.0014814814814814814
164  0.0007407407407407407
165  0.0007407407407407407
167  0.0014814814814814814
168  0.0022222222222222222
169  0.0007407407407407407
170  0.0007407407407407407
174  0.0007407407407407407
178  0.0007407407407407407
181  0.0007407407407407407
183  0.0007407407407407407
184  0.0014814814814814814
185  0.0007407407407407407
186  0.0007407407407407407
187  0.0014814814814814814
192  0.0007407407407407407
193  0.0007407407407407407
194  0.0007407407407407407
196  0.0007407407407407407
199  0.0007407407407407407
200  0.0007407407407407407
203  0.0007407407407407407
205  0.0007407407407407407
209  0.0007407407407407407
210  0.0007407407407407407
212  0.0022222222222222222
213  0.0007407407407407407
215  0.0007407407407407407
219  0.0007407407407407407
222  0.0007407407407407407
227  0.0007407407407407407
229  0.0014814814814814814
233  0.0007407407407407407
235  0.0007407407407407407
241  0.0007407407407407407
247  0.0007407407407407407
250  0.0007407407407407407
263  0.0007407407407407407
266  0.0007407407407407407
267  0.0007407407407407407
273  0.0007407407407407407
275  0.0007407407407407407
280  0.0007407407407407407
283  0.0007407407407407407
295  0.0007407407407407407
299  0.0007407407407407407
302  0.0007407407407407407
305  0.0007407407407407407
312  0.0007407407407407407
315  0.0007407407407407407
319  0.0007407407407407407
322  0.0007407407407407407
325  0.0014814814814814814
346  0.0007407407407407407
354  0.0007407407407407407
359  0.0014814814814814814
375  0.0007407407407407407
388  0.0014814814814814814
391  0.0007407407407407407
394  0.0007407407407407407
397  0.0007407407407407407
405  0.0007407407407407407
443  0.0007407407407407407
446  0.0007407407407407407
449  0.0007407407407407407
457  0.0014814814814814814
485  0.0007407407407407407
493  0.0007407407407407407
561  0.0007407407407407407
640  0.0007407407407407407
686  0.0007407407407407407
739  0.0007407407407407407
993  0.0007407407407407407
1012  0.0007407407407407407
1091  0.0007407407407407407
